,0,1,2,3,4,5,6,7,8,9,10,11,12,13,14,15,16,17,18,19,20,21,22,23,24,25,26,27,28,29,30,31,32,33,34,35,36,37,38,39,40,41,42,43,44,45,46,47,48,49,50,51,52,53,54,55,56,57,58,59,60,61,62,63,64,65,66,67,68,69,70,71,72,73,74,75,76,77,78,79,80,81,82,83,84,85,86
0,0.9999999999999998,0.5580858636842773,0.2918559698458079,0.0,0.16389771991798224,0.0,0.15305214847464568,0.1033428303790498,0.09826264084792014,0.2419292629312361,0.0,0.0,0.0,0.1504613992894007,0.05295787276229662,0.22647568852998484,0.005125770066715654,0.0,0.0,0.01718795164257297,0.005017307533054505,0.01928782785348963,0.016425848089685592,0.0,0.0,0.0,0.012508568903516107,0.0,0.21944987087988432,0.0,0.0,0.0,0.0,0.006024570565321549,0.0,0.0,0.0,0.0,0.0,0.12610596818826456,0.0,0.0,0.0888059293664114,0.0,0.0,0.0,0.0,0.0,0.20185866946331596,0.0,0.0,0.0,0.12668717837085114,0.49005224717046103,0.5832844888020815,0.14942598017205727,0.0,0.0,0.0,0.0,0.16674492540872432,0.10129874126263322,0.0,0.10136910621463761,0.009110091216803224,0.03393386227172934,0.04748619415951396,0.0029258661416160167,0.0,0.00303785371850748,0.01962432198415,0.02809143262366468,0.0026586313012916035,0.0358219687532441,0.0027063360119688584,0.005865174632637985,0.01994426124009433,0.05104052023186649,0.14800197061444592,0.0024142687011978643,0.009229584498304388,0.0031118648331707457,0.007427640561775275,0.002118267332972832,0.003876750933419741,0.021153323330854654,0.00277818509091789
1,0.5580858636842773,1.0,0.3224751566328683,0.0,0.18109255373547553,0.0,0.16910915195064768,0.11418473101980543,0.10857156876158196,0.027146911061977103,0.24946009348715042,0.2740310774664215,0.2557212358718541,0.16624660214654488,0.05851378788992213,0.2502357007493385,0.03745482549492559,0.0,0.0,0.01899117362946241,0.005543683185414414,0.021311352005058896,0.01814911628618565,0.04764623875615903,0.0,0.0,0.013820867596251158,0.0,0.24247279067973426,0.0,0.0,0.0,0.0,0.006656620173725527,0.0,0.0,0.0,0.0,0.0,0.13933599461862858,0.30278369513909387,0.30278369513909387,0.09812273498291196,0.0,0.0,0.0,0.0,0.0,0.22303606154527383,0.0,0.0,0.0,0.13997818071050547,0.05498882032075538,0.06545042112512663,0.16510255516260827,0.0,0.0,0.0,0.0,0.18423846518309162,0.3720150341227803,0.0,0.09254196162086194,0.06656890034610047,0.06080401687244054,0.09324744240984853,0.003232824542882939,0.0,0.0033565609578621813,0.021683148400205694,0.005723074990228627,0.002937553567144793,0.03958012231410941,0.002990263073329987,0.006480501698623132,0.0220366531160015,0.010834952159763803,0.059827580138362084,0.0026675544035776565,0.01019787845463443,0.0034383367248825335,0.008206889017334696,0.0023404989466262707,0.004283468538065629,0.05308473997510475,0.0030696499811950447
2,0.2918559698458079,0.3224751566328683,1.0,0.0,0.0,0.0,0.0,0.0,0.0,0.019382312738710786,0.0,0.0,0.0,0.10997316885617944,0.03359646812626087,0.1786629277725599,0.004043635293273965,0.0,0.0,0.0,0.0039580709930026586,0.01063793686134511,0.012958080091947672,0.0,0.0,0.0,0.009867803281901063,0.0,0.17312037634237895,0.0,0.0,0.0,0.0,0.004752684152366429,0.0,0.0,0.0,0.0,0.0,0.02912573593876737,0.0,0.0,0.0,0.0,0.0,0.0,0.0,0.0,0.0,0.0,0.0,0.0,0.0,0.039260839296094585,0.04673019807783379,0.0,0.0,0.0,0.0,0.0,0.0,0.0,0.0,0.06607297741884167,0.06015424331719053,0.01960778486484783,0.02493151491497455,0.002308167444041178,0.0,0.002396512592659346,0.015481303286888768,0.004086152897265457,0.0020973502950346035,0.024250643674850116,0.0021349837528837133,0.004626939335370264,0.009308879491693994,0.00551539319381074,0.0376613777516166,0.0019045766783420447,0.0021316869041505884,0.0024548987378534646,0.005859542884371427,0.0016710660908920984,0.003058304741252934,0.007558370718370752,0.002191664303834312
3,0.0,0.0,0.0,1.0,0.6120519118478378,0.3802107148186164,0.05165955817301823,0.38591858959915015,0.03316650345459503,0.020032516144339454,0.0,0.0,0.0,0.0,0.01750174281896523,0.006489790479993369,0.06295587403180529,0.017139721250920874,0.020067005244135277,0.017404302976542937,0.02249967131124352,0.011752143007115481,0.0019132535356993696,0.0,0.0,0.0,0.0,0.0,0.027055596666410695,0.021015258622101428,0.00943750816594602,0.009426408413433455,0.010254082820617951,0.01964847503901323,0.00684068882051853,0.027614210688627527,0.0,0.0,0.0,0.0,0.0,0.0,0.0,1.0,1.0,1.0,0.4132027147663501,0.0815237896885844,0.06813318063023271,0.0815237896885844,0.05681835738828407,0.0,0.0,0.0,0.0,0.0,0.0,0.0,0.0,0.0,0.566403112460928,0.0,0.34123534226962576,0.019480337893177192,0.012379817361785828,0.058418016008363834,0.008041284710545606,0.04771195492501291,0.1381987886868994,0.12679627062176593,0.04216723794288037,0.033785823182689745,0.013006250867586751,0.02572734015152099,0.017652835169510408,0.023910778394768926,0.023365667604042444,0.0,0.0021624874870826536,0.0019684680343031754,0.0,0.005074502641838925,0.002018702807589163,0.0,0.06678217993357015,0.0,0.025061555839524095
4,0.16389771991798224,0.18109255373547553,0.0,0.6120519118478378,1.0000000000000002,0.49772123061047235,0.2172474444582762,0.3615414373816946,0.1394773469218462,0.012260939805265639,0.0,0.0,0.0,0.013411480453306686,0.023289833393848047,0.003972088670771839,0.07076135274353867,0.05454879247787528,0.12834403107867998,0.0314987232666898,0.013770966841994544,0.04444050625309211,0.0011710104843744345,0.0,0.0,0.0,0.0,0.0,0.016559429665860655,0.17492431747550702,0.07855481125801889,0.005769451291300489,0.006276030994605286,0.04990632662846683,0.004186856670954497,0.016901330446143475,0.0,0.0,0.0,0.10816885054191436,0.0,0.0,0.1077081639936413,0.6120519118478378,0.6120519118478378,0.6120519118478378,0.2529015115534614,0.049896791339979124,0.28652508651270525,0.049896791339979124,0.034775784267552984,0.0,0.1536523910195155,0.0,0.0,0.18123111927445057,0.0,0.0,0.0,0.0,0.5489044889103646,0.12286005578802978,0.2088537436261758,0.011922978050960983,0.007577090884608072,0.04676601307708188,0.024184934624741833,0.06599588512137215,0.10870125079186957,0.09670688538996365,0.04201574807300892,0.020678677672318256,0.00796050070947907,0.02190956513317123,0.010804451515033595,0.014634637630288294,0.02417867511962517,0.010740477833430856,0.009094055327927284,0.0012048046238066139,0.007916782690812916,0.003105859043614418,0.0012355509128375451,0.0,0.040874160905707925,0.014035358184505133,0.015338973165462066
5,0.0,0.0,0.0,0.3802107148186164,0.49772123061047235,0.9999999999999999,0.019641517540177157,0.14673038281328513,0.012610259986505687,0.007616577282854776,0.0,0.0,0.0,0.0,0.020047952270853403,0.0024674878774213304,0.07594033275162201,0.03388607237234071,0.1613791093669489,0.006617302475631163,0.008554616112431815,0.023234565057341103,0.0007274394944375025,0.0,0.0,0.01463467807117834,0.0,0.0,0.1138113454780784,0.10866414841467843,0.04879877076223917,0.003584021481043753,0.0038987121590364454,0.031002141736791236,0.0026009031863010682,0.010499218785074949,0.0,0.0,0.0,0.0,0.0,0.0,0.0,0.3802107148186164,0.3802107148186164,0.3802107148186164,0.15710409954630686,0.030996218352219218,0.025904965310286687,0.030996218352219218,0.0216029482774191,0.0,0.0,0.0,0.0,0.0,0.0,0.0,0.0,0.0,0.2153525322642586,0.0,0.12974133340570965,0.019829771929857843,0.08530282418330994,0.02221115562482539,0.03382625205289581,0.04099708239016563,0.06752593932837729,0.060074959836317325,0.0261004619040372,0.037085132620356356,0.013239554148446875,0.022907427315621093,0.0067117970783747635,0.021289974591707277,0.0194021727014229,0.008186628282377973,0.017371122525071055,0.0007484326384200071,0.0,0.001929380276802535,0.023940397982305454,0.0,0.03748604666008235,0.0,0.01819609599316189
6,0.15305214847464568,0.16910915195064768,0.0,0.05165955817301823,0.2172474444582762,0.019641517540177157,1.0000000000000002,0.6752131963450966,0.13024773999671685,0.011449599057590795,0.0,0.0,0.0,0.012524005206609916,0.02174867984941322,0.0037092444318179243,0.011943363897602135,0.00979622004884117,0.01146931132746614,0.029414364474305586,0.044421455055492325,0.013289402581849092,0.001093521438916483,0.0,0.0,0.0,0.0,0.0,0.015463645797775896,0.01201128622989428,0.005394014602272219,0.005387670530714175,0.0058607284353833,0.01123010008672079,0.003909800631550344,0.01578292204526506,0.0,0.0,0.0,0.10101101456296971,0.0,0.0,0.10058081293465028,0.05165955817301823,0.05165955817301823,0.05165955817301823,0.021345869680721323,0.04659498082338494,0.2675649185638357,0.04659498082338494,0.9092054143696596,0.0,0.1434847817014874,0.0,0.0,0.16923854821958473,0.0,0.0,0.0,0.0,0.1888538329590462,0.11473006158647411,0.0,0.011134001179691867,0.007075693546299798,0.02604536593662689,0.022584549723375775,0.027269802265932744,0.025023580986032606,0.029729232137499947,0.012012042686742688,0.0193103116196295,0.04088237375237647,0.07339088628666292,0.010089490679269666,0.013666222645344875,0.02257870442725468,0.0031879907595111943,0.008492276201176483,0.001125079325435802,0.007392906993716282,0.0029003356466610632,0.0011537910463563941,0.0,0.0018066142856801397,0.013106599199944252,0.0012946689017982397
7,0.1033428303790498,0.11418473101980543,0.0,0.38591858959915015,0.3615414373816946,0.14673038281328513,0.6752131963450966,0.9999999999999996,0.08794499283990825,0.007730920376545687,0.0,0.0,0.0,0.02539230553854973,0.04049525924072159,0.04667680061577521,0.07780430732555609,0.02605790722345404,0.013435253650074969,0.08124058101353747,0.1003618012369378,0.12248078220568973,0.06585044013913342,0.03907983196011005,0.0,0.01952438564243111,0.0,0.0,0.010441257706264685,0.008110178967502761,0.00364210984073235,0.003637826239897801,0.003957241179765755,0.08343814625297281,0.07501495410157089,0.010656837241848911,0.0,0.0,0.0,0.06820397000912387,0.0,0.0,0.06791349219259343,0.38591858959915015,0.38591858959915015,0.38591858959915015,0.15946260890116978,0.031461545935396226,0.18066336389330293,0.031461545935396226,0.6139074939708058,0.0,0.0968828180795397,0.0,0.0,0.11427210108814954,0.0,0.0,0.0,0.0,0.3461020904997906,0.07746725160067296,0.13168906201007724,0.08117974220135704,0.03286503296286631,0.0816305482648796,0.042615585199490165,0.11053365117154096,0.07816666960519111,0.13133515550428249,0.08847966485803165,0.10015238505158529,0.09304692050126977,0.17070416701438412,0.1110778051067817,0.07251807934530019,0.07605357224509895,0.026941102630054545,0.04989052130083444,0.05211954750718978,0.04498083905484746,0.06815851621189709,0.06326543067442857,0.02742959258190237,0.04728690768593805,0.039866330087567056,0.06363409130277961
8,0.09826264084792014,0.10857156876158196,0.0,0.03316650345459503,0.1394773469218462,0.012610259986505687,0.13024773999671685,0.08794499283990825,1.0,0.007350879104027119,0.0,0.0,0.0,0.00804067004520657,0.013963101715709098,0.002381411545367828,0.0076678863307855375,0.00628937562732703,0.0073635347884743,0.018884629591379553,0.008256195202719606,0.00853207097056847,0.0007020633521492288,0.0,0.0,0.0,0.0,0.0,0.009927980027526496,0.007711493871157189,0.0034630687963149733,0.003458995771328167,0.00376270871786333,0.007209956230640207,0.0025101727683923786,0.010132961973555805,0.0,0.0,0.0,0.06485115788707389,0.0,0.0,0.06457495955521744,0.03316650345459503,0.03316650345459503,0.03316650345459503,0.013704489266746197,0.029914940179506678,0.17178220468232502,0.029914940179506678,0.020849346784063416,0.0,0.0921201937508974,0.0,0.0,0.10865464383911821,0.0,0.0,0.0,0.0,0.12124806182568564,0.07365906946415089,0.0,0.007148258747257117,0.004542741416042138,0.016721662938350635,0.014499747440969109,0.017507776354377967,0.0160656558935316,0.01908678113522552,0.007711979532079645,0.012397618943947105,0.004772609543174816,0.013135580720050704,0.006477661430017427,0.008773997235129928,0.014495994640115795,0.0020467559204517187,0.005452216742163418,0.0007223241671712468,0.004746399001814481,0.0018620753960437732,0.0007407576850869606,0.0,0.0011598836897994764,0.008414707423300943,0.0008312041783291021
9,0.2419292629312361,0.027146911061977103,0.019382312738710786,0.020032516144339454,0.012260939805265639,0.007616577282854776,0.011449599057590795,0.007730920376545687,0.007350879104027119,1.0,0.0,0.0,0.0,0.01608372114989016,0.006707259818182782,0.02241313635207475,0.006882607053201479,0.009557121860702369,0.004447563480167818,0.0038574137682488062,0.0071903084217154415,0.0026046936957587244,0.0868237082985405,0.0,0.0,0.005782342374631219,0.005493708566775148,0.0,0.020570268951039965,0.004657730221167728,0.0020916881294439416,0.0020892280287306965,0.002272670172791488,0.0070007672243532215,0.001516140420914188,0.11984241984725873,0.0,0.0,0.0,0.016215189994100796,0.0,0.0,0.0,0.020032516144339454,0.020032516144339454,0.020032516144339454,0.008277490054441798,0.01806857701847648,0.015100740856549185,0.01806857701847648,0.012592972805302367,0.10622639485209144,0.14041220184618505,0.3484736404738901,0.4147706094981156,0.0,0.0,0.0,0.0,0.1271329745195006,0.0,0.0,0.0,0.02920426038382834,0.014875194414788736,0.036836250867445956,0.015662373839055995,0.011859697067837871,0.009703630999184679,0.01286259793487926,0.006922184606275869,0.01982577635119908,0.004050307889411014,0.014017078458554984,0.005101108258343684,0.060219014963523415,0.08540320472271436,0.058370200769100974,0.1592689397018916,0.0014966188839372991,0.0011867754425641881,0.0024914080008676823,0.02286213868337303,0.03487516176359778,0.01196078773349348,0.004207976667161144,0.008571425590014139
10,0.0,0.24946009348715042,0.0,0.0,0.0,0.0,0.0,0.0,0.0,0.0,1.0,0.34299906932607627,0.32008101680258444,0.0,0.0,0.0,0.03979251796234023,0.0,0.0,0.0,0.0,0.0,0.0,0.2280434563605405,0.040148166245856896,0.0874226024763898,0.0,0.0,0.0,0.0,0.043143362841169965,0.0,0.0,0.0,0.0,0.0,0.0,0.0,0.0,0.0,0.19702528306569392,0.19702528306569392,0.0,0.0,0.0,0.0,0.0,0.0,0.0,0.0,0.0,0.0,0.0,0.0,0.0,0.0,0.0,0.0,0.0,0.19221095488604878,0.25728859533302084,0.8863023360055078,0.0,0.0,0.03676726945541877,0.015168175733393288,0.026535670750775033,0.0,0.0,0.0,0.0096076847081477,0.0,0.0,0.0,0.0,0.0,0.0,0.009306293003549728,0.0,0.0,0.0,0.0,0.0,0.019738774838735425,0.10964030091193344,0.257138200692109,0.051776250444271234
11,0.0,0.2740310774664215,0.0,0.0,0.0,0.0,0.0,0.0,0.0,0.0,0.34299906932607627,1.0,0.35160792527915086,0.0,0.016723644071860395,0.0,0.04371194775040724,0.051143783083387434,0.0,0.0,0.0,0.0,0.0,0.03405781919567073,0.04410262619908735,0.12911703418516085,0.0,0.0,0.0,0.0,0.04739283963067846,0.0,0.0,0.0,0.0,0.0,0.0,0.0,0.0,0.0,0.21643161377793618,0.21643161377793618,0.0,0.0,0.0,0.0,0.0,0.0,0.0,0.0,0.0,0.0,0.0,0.0,0.0,0.0,0.0,0.0,0.0,0.21114309039167733,0.2826306605331305,0.18591307467206528,0.0,0.0,0.08322284658395494,0.016662190257841353,0.14750467544521603,0.0,0.0,0.0,0.026830439928505083,0.016353533290303587,0.0,0.0,0.0,0.0,0.0,0.007357871692667123,0.0,0.0,0.03412560775673404,0.0,0.0,0.021682978072019264,0.04761977159627862,0.06046800973506513,0.07852083675171248
12,0.0,0.2557212358718541,0.0,0.0,0.0,0.0,0.0,0.0,0.0,0.0,0.32008101680258444,0.35160792527915086,0.9999999999999999,0.0,0.0,0.0,0.040791261357828144,0.0,0.0,0.0,0.0,0.0,0.0,0.03178218943756214,0.04115583597705986,0.1278377866215561,0.0,0.0,0.0,0.0,0.04422620833331844,0.0,0.0,0.0,0.0,0.0,0.0,0.0,0.0,0.0,0.20197037601990783,0.20197037601990783,0.0,0.0,0.0,0.0,0.0,0.0,0.0,0.0,0.0,0.0,0.0,0.0,0.0,0.0,0.0,0.0,0.0,0.19703521410770816,0.2637462235124291,0.17349098379435596,0.0,0.0,0.037690082823838365,0.015548878340593562,0.027201683540723647,0.0,0.0,0.0,0.009848825810534688,0.0,0.0,0.0,0.0,0.0,0.0,0.0,0.0,0.0,0.0,0.0,0.0,0.020234193877657954,0.04443797746271294,0.056427739229894164,0.05307577082705485
13,0.1504613992894007,0.16624660214654488,0.10997316885617944,0.0,0.013411480453306686,0.0,0.012524005206609916,0.02539230553854973,0.00804067004520657,0.01608372114989016,0.0,0.0,0.0,0.9999999999999991,0.24227918135850382,0.17288093716689656,0.1634763444934955,0.14358325148075268,0.005204410709736972,0.07804805793051435,0.17646773786589875,0.1674096714579493,0.14542707003626013,0.07920039982442023,0.044770846462330434,0.040683450335441365,0.14637392022487064,0.027467550344565654,0.10671186307912443,0.0057988975955184045,0.019286504894806666,0.0026010994233278528,0.015872962597401424,0.011547634017916985,0.0,0.02373094243894295,0.0,0.0024093712973535636,0.0,0.03146687796312282,0.03940611344651123,0.03940611344651123,0.00726684292149623,0.0,0.0,0.0,0.0,0.0,0.01651776242642367,0.0,0.0,0.0,0.010366603130632281,0.032579207644703234,0.03877738870975436,0.01222728182732861,0.0,0.0,0.0,0.0,0.013644462588779611,0.008289109141165788,0.0,0.18461424966541323,0.16592244303813117,0.14940729679049783,0.10950915930749595,0.1157055334132266,0.07360346162530973,0.12168029019331489,0.13222110076018148,0.14047954549250352,0.08449975824033007,0.12402835092519036,0.11291168569268097,0.0914327897370118,0.11141320618068232,0.08626028334714216,0.11896697062640267,0.1013580755772713,0.09398359131355696,0.08676493087339629,0.1162798539134448,0.05072514304178347,0.0674405576461124,0.09263183120884887,0.08065996009541575
14,0.05295787276229662,0.05851378788992213,0.03359646812626087,0.01750174281896523,0.023289833393848047,0.020047952270853403,0.02174867984941322,0.04049525924072159,0.013963101715709098,0.006707259818182782,0.0,0.016723644071860395,0.0,0.24227918135850382,1.0000000000000047,0.16837821866927502,0.19339736946058134,0.22718982349098663,0.014081116931041417,0.08602479782930549,0.23869145009967457,0.1810776819554421,0.2682196803020125,0.22320524037634354,0.050438720685322735,0.08547229273024755,0.089733691368852,0.10172685289796271,0.04764605950522686,0.006788530635244962,0.0059991216447976906,0.0030449999900370012,0.015545091241440838,0.03944080042054701,0.014147983143827151,0.05459354718045527,0.0,0.001129805569681492,0.006376249221076526,0.011094306349390506,0.02995304900508772,0.02995304900508772,0.029371472052391087,0.01750174281896523,0.01750174281896523,0.01750174281896523,0.007231767645938906,0.015785914550299655,0.028684076772130047,0.015785914550299655,0.011002061337507162,0.0,0.009722242452651936,0.01841515144364836,0.006818829115831941,0.02740560537474222,0.012217994018342023,0.01744453334358218,0.008772723152626609,0.0,0.012796358821943575,0.007773880004027123,0.029182348346943672,0.303521614397133,0.2288817395373944,0.23867134797414338,0.20951686118459426,0.19915405586160806,0.1377279563448215,0.24509820306031047,0.25726043465738124,0.2208739457370001,0.19309523482530097,0.19676420384832827,0.1854014748824097,0.17698516375492412,0.21217665441639422,0.14028829261782094,0.20609617099971755,0.1914822655366671,0.2011701652269091,0.1699398218658608,0.21566317272527902,0.0961971032089995,0.13543508247369898,0.16843768736895856,0.13984292693766723
15,0.22647568852998484,0.2502357007493385,0.1786629277725599,0.006489790479993369,0.003972088670771839,0.0024674878774213304,0.0037092444318179243,0.04667680061577521,0.002381411545367828,0.02241313635207475,0.0,0.0,0.0,0.17288093716689656,0.16837821866927502,0.9999999999999996,0.053392635874436926,0.076261542114062,0.007793871915144324,0.009880776180142017,0.09187807025066794,0.06435728432031888,0.18948762512056844,0.10170012213176043,0.02014840236533531,0.04886390807252274,0.010678544013031463,0.0,0.13628135464276667,0.001508931430775515,0.0006776291910497814,0.00067683220987809,0.0007362606447076155,0.006553959689240382,0.0004911731306784618,0.027667520011791832,0.0,0.0,0.0,0.0315187123464971,0.0,0.0,0.0,0.006489790479993369,0.006489790479993369,0.006489790479993369,0.0026815990445980746,0.0058535472167668716,0.004892078635831858,0.0058535472167668716,0.004079655018761075,0.0,0.0,0.18361143884794476,0.050569560687035754,0.029550337480345384,0.02265266439035128,0.03234288367511276,0.0,0.0,0.0,0.0,0.0,0.24474472281497345,0.11590557572860753,0.1683053908489463,0.11874217394111514,0.19114954382557298,0.11948688500055124,0.19771586044576203,0.21311123796933396,0.18065911743311314,0.12271612422723946,0.1691602075333502,0.13282716122615065,0.1440693047060411,0.1665545667874997,0.1127223113629793,0.20819106720920844,0.13964167264919522,0.12137674456582564,0.13862275283049402,0.16417400982564656,0.06599332874774416,0.12186351037132989,0.133688872103296,0.1203627119914236
16,0.005125770066715654,0.03745482549492559,0.004043635293273965,0.06295587403180529,0.07076135274353867,0.07594033275162201,0.011943363897602135,0.07780430732555609,0.0076678863307855375,0.006882607053201479,0.03979251796234023,0.04371194775040724,0.040791261357828144,0.1634763444934955,0.19339736946058134,0.053392635874436926,1.0000000000000009,0.2492575069338026,0.021280747114296485,0.22600515343844507,0.3328640367613232,0.38527260180648654,0.1074969649717197,0.07607873498082622,0.07059744226985423,0.06048470041230254,0.004297366283428606,0.046656058639430724,0.034475487507979505,0.11574656219633894,0.07091986848724215,0.04028107855422677,0.029357436088917884,0.02899966174047979,0.014939385264953121,0.006384231276131798,0.0,0.014661172314312054,0.011480596585489807,0.0033828942619594793,0.02510898614331039,0.02510898614331039,0.0,0.06295587403180529,0.06295587403180529,0.06295587403180529,0.026013538060430313,0.018847785792153654,0.015751961467470356,0.018847785792153654,0.013136045726127045,0.018846702853023724,0.02491195383989573,0.0045600656496267225,0.0054276162933730165,0.019029774948087896,0.014587823425355723,0.020828113990879138,0.0,0.024495446105853608,0.05897873353553604,0.021568424013095812,0.01577829161371956,0.12171136960517515,0.12328346467975332,0.09327201427697358,0.0946082581487467,0.1202473977771434,0.0638062092580717,0.1089748885165647,0.10698444078419199,0.08746245137003751,0.07833910781231859,0.11587921889878217,0.10698345485697354,0.09774387741376371,0.09877814298385572,0.06956673638047264,0.0747742615729412,0.11044294747255748,0.07916521420847392,0.08105131273849106,0.08958664295983165,0.04676309780157724,0.062384525457541376,0.0672083790629894,0.0938317616517904
17,0.0,0.0,0.0,0.017139721250920874,0.05454879247787528,0.03388607237234071,0.00979622004884117,0.02605790722345404,0.00628937562732703,0.009557121860702369,0.0,0.051143783083387434,0.0,0.14358325148075268,0.22718982349098663,0.076261542114062,0.2492575069338026,1.0000000000000062,0.03458880857714837,0.10945641365771276,0.23771084778693183,0.24886246308944787,0.16664624156537783,0.12495561382139178,0.06378231076585061,0.0563246970772925,0.0,0.012657995866209346,0.005130562239986103,0.09665080323079933,0.16203500708520896,0.027293813522108593,0.035493464284579654,0.023973529327780026,0.0068881888533486434,0.05193667715189848,0.015629700729748983,0.007136440539387131,0.011583895546288782,0.0,0.0,0.0,0.0,0.017139721250920874,0.017139721250920874,0.017139721250920874,0.007082179351219009,0.015459384695665924,0.01292011882575121,0.015459384695665924,0.010774484944783093,0.017176107160266307,0.022703726591466206,0.0,0.0,0.0,0.0,0.0,0.01909168970616072,0.012086037904931035,0.0,0.0,0.02116941835292156,0.1846119288064773,0.19162161383375936,0.14923389964865932,0.15728701871661016,0.18619379247408585,0.13419263461987874,0.16972664701376067,0.21717534476110575,0.153110572072009,0.1770640248725151,0.19037002202880793,0.14795835317567776,0.1447213790345399,0.16512829100678705,0.14010397963937082,0.1388851379725882,0.2029484491278758,0.17076024886699934,0.14279313525977913,0.17662334323754597,0.06802633038607366,0.14564456019466138,0.12112957788244702,0.15715317326152872
18,0.0,0.0,0.0,0.020067005244135277,0.12834403107867998,0.1613791093669489,0.01146931132746614,0.013435253650074969,0.0073635347884743,0.004447563480167818,0.0,0.0,0.0,0.005204410709736972,0.014081116931041417,0.007793871915144324,0.021280747114296485,0.03458880857714837,1.0000000000000004,0.010120989663831645,0.04783590987630313,0.0175645018545805,0.014815697605340312,0.06342612642137044,0.0,0.012410482990583095,0.046517633891147644,0.02643044722834525,0.0060068082711457185,0.06434473910049815,0.04145431392209803,0.17036267886079215,0.026747528438664545,0.029250274724543064,0.025030090346106974,0.006130830201632133,0.04029134305548317,0.018096098244630758,0.027363748495022207,0.0,0.0,0.0,0.0,0.020067005244135277,0.020067005244135277,0.020067005244135277,0.008291741044107282,0.018099684890870976,0.015126739136277994,0.018099684890870976,0.012614653571346873,0.0,0.0,0.0,0.0,0.0,0.0,0.0,0.0,0.0,0.0,0.0,0.0,0.044571870703961486,0.03175838475585232,0.02798091842251248,0.023950163170255598,0.04067985423164835,0.027712846972636825,0.04858485580757065,0.06771475328901747,0.020061662323279307,0.024278159501629593,0.029355213038062402,0.017343153190548213,0.053388367269088265,0.0553633127127027,0.01399883054283313,0.03423050320695195,0.015989207741334215,0.020005794701750273,0.012014484563995044,0.0107419124262546,0.009067012221395072,0.008002257053275232,0.006564875385157085,0.045013363895349975
19,0.01718795164257297,0.01899117362946241,0.0,0.017404302976542937,0.0314987232666898,0.006617302475631163,0.029414364474305586,0.08124058101353747,0.018884629591379553,0.0038574137682488062,0.0,0.0,0.0,0.07804805793051435,0.08602479782930549,0.009880776180142017,0.22600515343844507,0.10945641365771276,0.010120989663831645,0.9999999999999993,0.15756077719293268,0.20457620620266928,0.01745063994282986,0.0006292172443263329,0.03464493779935222,0.0060109660683858,0.0,0.012127559283142745,0.005209761486636277,0.04046305093131497,0.018171100363322076,0.01814972875618094,0.07270986755349436,0.044279718728340675,0.019859817958477355,0.005317326877070016,0.0,0.008303359468695409,0.015936683720782278,0.01134366587453144,0.0,0.0,0.011295353682524965,0.017404302976542937,0.017404302976542937,0.017404302976542937,0.00719150523852361,0.01569802747287065,0.038794257611326224,0.01569802747287065,0.010940808059240187,0.0,0.01611352414134096,0.0,0.0,0.01900570499563652,0.0,0.0,0.0,0.0,0.02120852651050741,0.012884332367437553,0.0,0.016171127229180234,0.031101745568685054,0.01276464133530951,0.019541352356451602,0.02655265404147433,0.01938793379572747,0.02564770151964329,0.03527576016452551,0.037255694802684536,0.017780795358336432,0.027016139336779207,0.03517368135852236,0.016934964385359175,0.02014756926717183,0.018146356921650158,0.00714860838521438,0.021308963667557475,0.004996921835397979,0.0027169839681748533,0.01650052646089272,0.00323488349632993,0.01948307824185955,0.011252701423357585,0.008477884195961495
20,0.005017307533054505,0.005543683185414414,0.0039580709930026586,0.02249967131124352,0.013770966841994544,0.008554616112431815,0.044421455055492325,0.1003618012369378,0.008256195202719606,0.0071903084217154415,0.0,0.0,0.0,0.17646773786589875,0.23869145009967457,0.09187807025066794,0.3328640367613232,0.23771084778693183,0.04783590987630313,0.15756077719293268,1.0000000000000022,0.28857822530649613,0.2262678027320953,0.17494830870828668,0.052551117706320226,0.0715457426117847,0.0011218727514768836,0.010333428091747147,0.025139931374784596,0.014472427120474748,0.00649926092210429,0.002346532188067676,0.02192721109238968,0.04604928384168162,0.027458144940729366,0.03003836698648367,0.0,0.0,0.0,0.0033113114016313358,0.0,0.0,0.0,0.02249967131124352,0.02249967131124352,0.02249967131124352,0.009296925267156388,0.06678388878730013,0.055814367503227685,0.06678388878730013,0.048857446681935056,0.03133815177406883,0.0,0.004463573558178579,0.005312766620590684,0.0,0.0,0.0,0.029135532702564852,0.008315475724179401,0.0,0.0,0.0,0.20842095996314983,0.1583940168826298,0.13248807994706935,0.1213796288769688,0.20288573825679548,0.122421292457197,0.17616871819387422,0.19093604878079543,0.1602992206540007,0.14920442966738687,0.193559435102996,0.17875368434758876,0.16525328690192465,0.18266923172143665,0.10074050670500967,0.12645942741168675,0.1916818445978523,0.13139860533076866,0.17811656531021203,0.1675423883513598,0.06569328406950763,0.09853322607923963,0.11923540562328822,0.13384426134892807
21,0.01928782785348963,0.021311352005058896,0.01063793686134511,0.011752143007115481,0.04444050625309211,0.023234565057341103,0.013289402581849092,0.12248078220568973,0.00853207097056847,0.0026046936957587244,0.0,0.0,0.0,0.1674096714579493,0.1810776819554421,0.06435728432031888,0.38527260180648654,0.24886246308944787,0.0175645018545805,0.20457620620266928,0.28857822530649613,1.0000000000000002,0.09179849172560017,0.05468606163476336,0.08700823037674407,0.03266239414365273,0.006548949301380237,0.012651170481546226,0.011516645201394862,0.023057730392482385,0.020979507016309393,0.007278608318042567,0.03784436540286702,0.05985542716009476,0.08483668536739561,0.02603953019449803,0.017390939382104596,0.005606789771880762,0.011811005919777235,0.0038298685032691067,0.0,0.0,0.003813557255693937,0.011752143007115481,0.011752143007115481,0.011752143007115481,0.004856017394862495,0.010599991510113801,0.01752723597721207,0.010599991510113801,0.007387709872603704,0.0,0.005440276473952228,0.0,0.0,0.006416739681008919,0.0,0.0,0.0,0.007962866389171827,0.007160460170614404,0.004350031045121736,0.0,0.12117894191491921,0.12425122181689063,0.09529855734894403,0.09650576433138343,0.1591631440503421,0.06276017398608356,0.12912811619757217,0.13162500750288453,0.11092763538123972,0.08947890543449924,0.15938104792045577,0.11621730309662727,0.08809321864136463,0.09029187957404097,0.07302825018824481,0.08312288550821542,0.11082485305377304,0.07461935834478682,0.08920386328747534,0.09903964828165035,0.03895684350133009,0.06121901424295455,0.04878061939025452,0.08887058001957272
22,0.016425848089685592,0.01814911628618565,0.012958080091947672,0.0019132535356993696,0.0011710104843744345,0.0007274394944375025,0.001093521438916483,0.06585044013913342,0.0007020633521492288,0.0868237082985405,0.0,0.0,0.0,0.14542707003626013,0.2682196803020125,0.18948762512056844,0.1074969649717197,0.16664624156537783,0.014815697605340312,0.01745063994282986,0.2262678027320953,0.09179849172560017,1.0000000000000022,0.20562946589801354,0.0377248972604882,0.10584694823983685,0.021134062662873394,0.025904934137910583,0.01031603855303125,0.0034174488806060885,0.006324158815728204,0.004754569151981393,0.013274245478200237,0.0037281666173416004,0.00014480262988583503,0.09895267596989699,0.005064573845062034,0.011167153940585808,0.0034395906023759423,0.021128947438730075,0.0,0.0,0.0,0.0019132535356993696,0.0019132535356993696,0.0019132535356993696,0.04327266452751918,0.001725682815706843,0.0014422324997669593,0.001725682815706843,0.0012027220929767641,0.09221946582931427,0.12189755915375586,0.11641996242354258,0.13856881314320957,0.026135183180261087,0.02003467925727014,0.028604992751408275,0.019180311084547104,0.07508068402207113,0.0,0.0,0.0,0.28682847600446365,0.23030040508179847,0.21904146236177427,0.18925685056992067,0.2622900687738739,0.15366285526664283,0.24749787804254414,0.2660214407069628,0.21627720466096176,0.18568388389692903,0.24051042433467484,0.20737737265695938,0.2669065828136575,0.2932621943410908,0.23910143081410687,0.30026801437928813,0.22072352836294357,0.2053636906358201,0.21400498898438025,0.23701742796248615,0.13157963641192172,0.16241441287123695,0.18070684540656837,0.2004021305198435
23,0.0,0.04764623875615903,0.0,0.0,0.0,0.0,0.0,0.03907983196011005,0.0,0.0,0.2280434563605405,0.03405781919567073,0.03178218943756214,0.07920039982442023,0.22320524037634354,0.10170012213176043,0.07607873498082622,0.12495561382139178,0.06342612642137044,0.0006292172443263329,0.17494830870828668,0.05468606163476336,0.20562946589801354,0.9999999999999982,0.05181611991305138,0.08013336333148187,0.0,0.0,0.0,0.0,0.0,0.0,0.010944710114204042,0.002521659819415514,0.0,0.0,0.05975300234985718,0.022270678200566565,0.0,0.0,0.037631324300098586,0.037631324300098586,0.0,0.0,0.0,0.0,0.0,0.0,0.0,0.0,0.0,0.0,0.0,0.0,0.0,0.0,0.0,0.0,0.08921988981102717,0.025463952741534953,0.0,0.23775970569682123,0.0,0.18997058729739802,0.14515789383384992,0.1584122338089514,0.12893736334102335,0.1561214070939644,0.11665671540027642,0.17499150264387445,0.1826032903886639,0.15650970348781076,0.13810692770864524,0.16590505402565525,0.1164454340273568,0.12573502938371758,0.14631924138042302,0.09318099885227037,0.14953368907252937,0.16848514997225678,0.1707526486982798,0.14116560937214181,0.162068941286868,0.07654374157867513,0.11426709984612861,0.221254741324695,0.13594865346963134
24,0.0,0.0,0.0,0.0,0.0,0.0,0.0,0.0,0.0,0.0,0.040148166245856896,0.04410262619908735,0.04115583597705986,0.044770846462330434,0.050438720685322735,0.02014840236533531,0.07059744226985423,0.06378231076585061,0.0,0.03464493779935222,0.052551117706320226,0.08700823037674407,0.0377248972604882,0.05181611991305138,0.9999999999999998,0.029847565645893318,0.0,0.0,0.0,0.0,0.05080797203746322,0.0,0.0,0.00927430965562962,0.012915540010779127,0.01220173711010418,0.0,0.0,0.0,0.0,0.0,0.0,0.0,0.0,0.0,0.0,0.0,0.0,0.0,0.0,0.0,0.0,0.0,0.0,0.0,0.0,0.0,0.0,0.0,0.05147454669724245,0.06890249217579207,0.0,0.0,0.048478844760577254,0.033626238621212105,0.033111359107200714,0.028795644062880443,0.03257865752382785,0.02302158601081489,0.027538145119535017,0.0622640171740487,0.026755981467692445,0.032537724121159954,0.02492221876194679,0.02925797505092797,0.041324877294514326,0.03614946307191652,0.020380905535398317,0.028702284264408864,0.042187391609764695,0.02631698772248329,0.04066873288429058,0.04183305767950851,0.019156954116333575,0.06878070541894397,0.030344840195139434,0.044150455540918905
25,0.0,0.0,0.0,0.0,0.0,0.01463467807117834,0.0,0.01952438564243111,0.0,0.005782342374631219,0.0874226024763898,0.12911703418516085,0.1278377866215561,0.040683450335441365,0.08547229273024755,0.04886390807252274,0.06048470041230254,0.0563246970772925,0.012410482990583095,0.0060109660683858,0.0715457426117847,0.03266239414365273,0.10584694823983685,0.08013336333148187,0.029847565645893318,1.0000000000000029,0.0,0.008713085357429136,0.01873429780473066,0.0,0.03775738662396463,0.0,0.006683117987124403,0.012592845447351782,0.003647194256603945,0.01778601104486619,0.012264709342951404,0.0,0.029242098358466313,0.0,0.0,0.0,0.0,0.0,0.0,0.0,0.0,0.0,0.0,0.0,0.0,0.0,0.0,0.0,0.0,0.0,0.0,0.0,0.00958561990765709,0.1475455893416672,0.15003512604360703,0.0,0.0,0.091570432355283,0.07785928486507716,0.06775088893188726,0.07181909126532666,0.0925680739140518,0.05574993142090458,0.082394469540529,0.10089458319622019,0.08824383749074649,0.06929617976757398,0.08474490719217537,0.0708657238824084,0.08878861970861167,0.09327905450809076,0.05000344928177222,0.07540338977649937,0.07075752464145856,0.06845688529824294,0.06194673324876365,0.0814185479607561,0.04928860289794512,0.0893465551133618,0.09428333684699193,0.12540825318006996
26,0.012508568903516107,0.013820867596251158,0.009867803281901063,0.0,0.0,0.0,0.0,0.0,0.0,0.005493708566775148,0.0,0.0,0.0,0.14637392022487064,0.089733691368852,0.010678544013031463,0.004297366283428606,0.0,0.046517633891147644,0.0,0.0011218727514768836,0.006548949301380237,0.021134062662873394,0.0,0.0,0.0,0.9999999999999999,0.1735903243065847,0.06674108579453718,0.015845812347259618,0.007116019179799039,0.10901433498059461,0.10538554240921517,0.015821085658606758,0.022872079200348457,0.0,0.09927165169191307,0.006583741965411442,0.06742005362894646,0.008255377322483553,0.0,0.0,0.0,0.0,0.0,0.0,0.0,0.0,0.0,0.0,0.0,0.0,0.0,0.011128063615904881,0.013245173213749873,0.0,0.0,0.0,0.0,0.0,0.0,0.0,0.0,0.017488866226303065,0.10306620253666858,0.028643067269840262,0.02879503141713543,0.010166320259231061,0.0,0.02199466975500512,0.02764846548774829,0.0027503639925175213,0.0038634392256117365,0.009287130252849522,0.019079815362409235,0.049768210390677615,0.04860675880732987,0.020204994410410543,0.010674713403905845,0.0005398318227004217,0.0006042037792334905,0.0006958147053202553,0.0016608245556251832,0.002367068527583124,0.0008668436622258239,0.00214233907615391,0.0006212037295953112
27,0.0,0.0,0.0,0.0,0.0,0.0,0.0,0.0,0.0,0.0,0.0,0.0,0.0,0.027467550344565654,0.10172685289796271,0.0,0.046656058639430724,0.012657995866209346,0.02643044722834525,0.012127559283142745,0.010333428091747147,0.012651170481546226,0.025904934137910583,0.0,0.0,0.008713085357429136,0.1735903243065847,1.0000000000000002,0.08207979434834586,0.01981420806217044,0.03039783362638067,0.040774779400535165,0.1388375012283407,0.03971576792340913,0.014300060046101718,0.0,0.03375848758491846,0.02648542771207183,0.06938883785636848,0.0,0.2437759866932215,0.2437759866932215,0.08218063493256969,0.0,0.0,0.0,0.0,0.0,0.0,0.0,0.0,0.0,0.0,0.0,0.0,0.0,0.0,0.0,0.0,0.0,0.0,0.0,0.0,0.014478986296228204,0.08494193189455526,0.09395813473426343,0.15348927194140724,0.01799911611879606,0.0,0.039179311228601285,0.01555614369465652,0.008397031637849285,0.013150577672148936,0.005202565880126657,0.010113701619579493,0.007262854540008248,0.006262304249544549,0.011665686340672029,0.0,0.005971831019993248,0.0,0.0,0.0,0.0,0.010692505327746326,0.011849696898490754,0.005160346144241134
28,0.21944987087988432,0.24247279067973426,0.17312037634237895,0.027055596666410695,0.016559429665860655,0.1138113454780784,0.015463645797775896,0.010441257706264685,0.009927980027526496,0.020570268951039965,0.0,0.0,0.0,0.10671186307912443,0.04764605950522686,0.13628135464276667,0.034475487507979505,0.005130562239986103,0.0060068082711457185,0.005209761486636277,0.025139931374784596,0.011516645201394862,0.01031603855303125,0.0,0.0,0.01873429780473066,0.06674108579453718,0.08207979434834586,1.0,0.006290656118126953,0.0028250006127235982,0.0028216780399535715,0.06271217528873092,0.09360520763655221,0.05364758380447491,0.16092902738548337,0.0,0.0,0.0,0.02189997687702228,0.0,0.0,0.0,0.027055596666410695,0.027055596666410695,0.027055596666410695,0.011179445992184312,0.024403131819564876,0.02039481965395694,0.024403131819564876,0.017007868137803205,0.0,0.0,0.02952067802044858,0.0351369750626992,0.0,0.0,0.0,0.0,0.0,0.0,0.0,0.0,0.07753804777188676,0.009109582386927342,0.06054495542348806,0.04537749362379666,0.046585917758117434,0.013105569196698499,0.04112067552001377,0.03015589130290032,0.06178799510216222,0.012000441329778797,0.04624539848081702,0.015211779538200753,0.032264586555630505,0.03264226826923345,0.02476471016614882,0.05830603278225285,0.014690592315598343,0.0016028399765793113,0.00336485589315207,0.023253985791873055,0.001256493872891363,0.01276786975898019,0.030822443878471033,0.009149802506371024
29,0.0,0.0,0.0,0.021015258622101428,0.17492431747550702,0.10866414841467843,0.01201128622989428,0.008110178967502761,0.007711493871157189,0.004657730221167728,0.0,0.0,0.0,0.0057988975955184045,0.006788530635244962,0.001508931430775515,0.11574656219633894,0.09665080323079933,0.06434473910049815,0.04046305093131497,0.014472427120474748,0.023057730392482385,0.0034174488806060885,0.0,0.0,0.0,0.015845812347259618,0.01981420806217044,0.006290656118126953,1.0,0.4490788495945862,0.07600829253453724,0.06464293077607844,0.026590501522718208,0.0015905182765539206,0.0064205386248724974,0.0,0.013566166801296294,0.05772943571867156,0.0,0.0,0.0,0.0,0.021015258622101428,0.021015258622101428,0.021015258622101428,0.008683561914169257,0.01895497381560514,0.01584154342865144,0.01895497381560514,0.013210750882100223,0.09476942358881067,0.1252681450060216,0.0,0.0,0.0,0.0,0.0,0.0,0.0,0.0,0.0,0.0,0.016562888722888674,0.006725290203994814,0.025456522479155703,0.014363323480096779,0.049826013498505684,0.01934109777967087,0.023198432441621925,0.036117538668925246,0.02350832051556507,0.009759953938428049,0.013671231226601428,0.004104434174214032,0.06626698500335744,0.07388294756081118,0.007211583120022801,0.000502796715545293,0.000457685544177998,0.0,0.0011798649826106503,0.00046936555581516664,0.0,0.02851470578912508,0.0,0.05709955235642192
